
Kernel 1:
0.2872919137702588 -1.6900683296257042 -0.8665629137215293 0.6516890249995199 0.773120118888635 
0.4309662977701539 -0.1897798766263577 -0.9088004500215291 0.1755141829981192 0.12281346320997094 
-0.2782749416694392 -0.3901081063233251 0.3153161885354719 -0.21750745545252284 -1.4094369478567887 
0.05523324410053578 0.13813936880486188 -0.7342108253010514 0.6711970183785915 0.41983699034367894 
-0.88185530156811 -0.46690009212656197 -0.10313162066102198 -0.15674358191112192 0.05179904377554322 

Kernel 2:
1.7969289059479792 0.08749603794351599 -0.37929272861722174 -0.5257009247201649 2.230548885339958 
0.23151915554673988 1.0902854214426803 1.2376387552922972 0.8099281355163359 0.33990630240691116 
-0.05936000275830199 -0.6578741044103279 -1.7659394997612496 -1.0181831714242668 -0.9917545706155113 
-2.2553641447124875 0.35778293683580575 -0.14517249030213436 0.7899620099063553 -1.7223951138982123 
0.05103196828972438 -0.5903678730639468 0.31966376469439417 -0.07758866615178397 -1.0880494951279567 
