
Kernel 1:
0.2540994843547475 0.23121727446969384 -0.2186348275210408 0.09942565451744145 -0.8048382593948067 
0.4684755270584937 -0.15764434736829003 0.005627337246999329 -0.5558242923266593 0.7825711588951542 
0.046387973284155684 0.08206953770112504 0.18575252078276902 0.2749840662329587 0.14483255145125887 
0.23457285604561232 0.025547647697237077 0.23710296603180345 0.6018567869958876 0.2627521237855343 
-0.1727112291547279 -0.18517399019572842 0.700138631529269 -0.004484041257854601 0.5620207534244057 

Kernel 2:
-0.2031302103484944 0.4934406864543563 -0.2594115230852003 -0.8618084963678736 0.1621027963955727 
-0.08921689081453214 -0.40540018142892 0.028312842368240995 -0.014976782715910655 -0.6760591065214588 
0.5710077583876625 -0.18197216443454725 0.2227244495024127 -0.8107151390037536 0.19228026050434047 
-1.2050000917461872 0.9143646922834272 0.29706900929587343 0.36271519119595463 0.4234075743777024 
-0.23350642344854544 0.274966644473094 0.6145977296579903 -0.37633887244242725 -0.3772141352887001 
