
Kernel 1:
-0.8963909770345732 -0.526746677565828 -0.36823334104625655 0.44298908207341364 -0.43353398746047833 
0.5584946206369107 0.6855898739208343 -0.32126003085150556 -0.15461874343219956 1.635775582260967 
-0.3395624514989215 0.05751790187261641 -0.20648122252215165 -0.7636591978370657 -0.5529484696691311 
-0.46406610310903323 0.36000837470278085 0.82597709379471 0.49391066435682074 0.4045583898719543 
1.225623158510902 -0.8332575498180913 -1.8457770046248938 0.12680462757641156 0.8121975282845151 

Kernel 2:
1.0662833732230295 -0.9680360215513069 0.090450330210018 -0.4291830011488833 0.18331014419958702 
-1.333646496043372 0.5789338420840081 -0.41508315992555145 -1.0832594639599749 0.6377022514980862 
-0.017302731576087034 -0.3294581989216973 1.1546611565542875 0.7071862347765693 -0.4498242206932853 
-1.3336344691254038 0.290649494790943 1.1866938965927702 0.39983308109315807 0.216157460690652 
0.2585441791463794 -1.9924686323597336 -1.046749049733277 -1.0659961859398466 0.10698448897596155 
