
Kernel 1:
0.6907238191848543 -2.129693580587575 0.568717169505705 -0.9544975284943348 1.1289286758678663 
-0.12433095407727111 1.7532518163453286 1.290069027004717 -0.7868157483451433 -1.1276971583825313 
-0.26614518176505303 1.8283968556661145 -0.001824334230641611 0.6680952498955942 0.7035297778812591 
-0.8685007492668677 -0.06405632982759495 -0.021091959838438316 1.784959864839833 -1.0061982390194677 
-0.6431451307416596 -1.0607771965358193 -0.24304934210105655 -1.1252135648631503 -0.29835983722839776 

Kernel 2:
-0.519679392672602 -0.6982242832764128 -0.015953597109763858 0.5336284915646969 -1.885684744217498 
1.0314822410044273 -1.6346360757256413 0.9453479329888641 1.0490580856319716 0.8801651429750442 
-0.5252431655212239 -0.4513383705664287 0.5026338797143569 0.20593400309984047 -0.2831489816289256 
-0.8387461646557633 -0.9480087321549615 1.0296467636660913 -0.5927291118577462 1.2106331385756546 
-0.41432046407051565 0.5603883015255609 -0.9040166864523912 0.44169586560901397 1.042599231669705 
