2
5 2
0.14989493086394104 0.1192980158178896 0.2831868267306788 0.2179103228054909 -0.002758126357961116 
0.04123312442469385 -0.20893948687529476 0.05399430212601557 -0.11255016733812076 0.3558165888485869 
0.02543396925948676 -0.0046924307480910345 0.18198947150529585 -0.03245103169382125 0.21229083342811428 
0.1207390502075297 -0.1060876142249369 0.2758518417476005 0.13698344703394105 0.03505141875168239 
0.07359265986371882 0.02690566343197731 0.024216606520843977 0.06590363709353787 0.24939960518466012 

0.07192453338372591 -0.24992755909861275 -0.16234814714919465 0.05375117274696921 0.020730045093331304 
0.09491565050357657 -0.004386123720295093 -0.09562773579215396 0.05411158598559489 -0.14128707436819365 
-0.013523670612160161 -0.12021976442638871 -0.07255899755850169 0.031722329220580214 0.3325263457452396 
-0.05342331903844594 0.051703839791263584 0.040041367833694316 0.03368376419240135 0.2551312382511506 
-0.051851600526137236 -0.16131200690356368 0.19470721414355502 -0.11718110061702623 -0.07171544062492541 



2
3 2
0.2946928124938565 0.013057155690773214 -0.03656422675475281 
-0.03652618187355222 -0.18202075356944356 0.10500149307944152 
0.11445007596336984 -0.06399462462841582 0.2255665082954837 

0.1652789242054638 0.049950019443561415 0.29893961051005613 
-0.12312730395493987 0.1914647554151955 0.28101071514479514 
-0.10151358614409273 -0.01768165928410404 -0.011221380146379023 



2
